xx = 17.371932
y = 195.74609375
scale = 1030.2425986842104 : target 10m.
scale1m = 103.02425986842105
